<?xml version="1.0"?>
<opencv_storage>
<Intrinsics type_id="opencv-matrix">
  <rows>3</rows>
  <cols>3</cols>
  <dt>f</dt>
  <data>
    577.02441406 0. 244.76602173 0. 528.18725586 234.28570557 0. 0. 1.</data></Intrinsics>
</opencv_storage>
